2135,0,0,360
2146,0,0,360
2155,360,360,0
2163,359,359,0
2171,359,357,1
2180,359,356,1
2188,359,354,1
2196,359,353,1
2204,359,352,1
2213,359,352,1
2221,359,351,1
2229,359,351,1
2238,359,351,1
2247,359,351,1
2255,359,351,2
2263,359,351,2
2271,359,351,2
2280,359,351,2
2288,359,351,2
2296,359,351,2
2305,359,351,2
2313,359,351,2
2321,359,351,2
2330,359,351,1
2338,359,351,1
2350,359,351,1
2358,359,351,1
2366,359,351,1
2374,359,351,1
2383,359,351,2
2391,359,351,2
2399,359,351,2
2408,360,351,2
2416,360,351,2
2424,360,351,2
2433,360,351,2
2441,360,351,2
2450,360,351,2
2458,360,351,2
2466,360,351,2
2474,360,351,2
2483,360,351,2
2491,360,351,2
2499,360,351,2
2507,360,351,2
2519,360,350,2
2527,360,350,2
2536,360,350,2
2544,360,350,2
2552,360,349,2
2560,360,349,2
2569,360,349,2
2577,360,348,2
2585,360,348,2
2594,360,348,2
2602,360,347,2
2610,360,347,2
2619,360,347,2
2627,360,347,2
2635,360,347,2
2644,360,347,2
2652,360,347,2
2660,360,347,2
2669,360,347,2
2677,360,347,2
2685,359,346,2
2697,359,346,2
2705,359,345,2
2714,359,344,2
2722,359,344,2
2730,359,344,2
2738,359,344,2
2747,359,344,2
2755,359,345,2
2763,359,346,2
2772,360,347,3
2780,360,349,3
2788,360,350,3
2797,360,351,3
2805,360,350,3
2813,360,350,3
2822,360,350,3
2830,360,350,3
2838,360,349,3
2847,360,349,3
2855,360,349,3
2863,360,349,3
2875,360,349,3
2883,360,349,3
2891,360,349,3
2900,360,349,3
2908,360,349,3
2916,360,349,3
2925,360,349,3
2933,360,350,2
2941,359,350,2
2950,359,350,2
2958,359,349,2
2966,359,349,1
2975,359,349,1
2983,359,348,1
2991,359,348,1
3000,360,348,0
3008,0,348,0
3016,1,347,0
3025,2,347,0
3033,2,346,0
3041,3,346,0
3053,3,345,1
3061,4,344,1
3070,4,344,1
3078,4,344,1
3086,3,344,1
3094,2,343,1
3103,2,343,1
3111,1,342,1
3119,1,342,2
3128,1,342,2
3136,0,342,2
3144,0,342,2
3152,360,342,3
3160,359,343,3
3169,359,343,3
3177,359,343,3
3185,358,343,3
3194,358,343,3
3202,357,343,4
3210,357,343,4
3222,357,343,4
3230,357,343,4
3238,357,344,4
3247,357,344,5
3255,356,344,5
3264,356,345,5
3272,355,345,5
3280,355,345,5
3289,354,345,5
3297,354,345,5
3305,354,345,5
3314,354,345,5
3322,354,344,5
3330,354,344,5
3339,353,344,5
3347,353,344,6
3355,353,344,6
3364,352,344,6
3372,352,344,6
3380,352,344,7
3389,352,344,7
3397,352,344,7
3405,352,344,7
3417,352,344,8
3425,352,344,8
3433,352,344,8
3442,352,344,8
3450,352,343,9
3458,352,343,9
3466,352,343,9
3475,351,343,9
3483,351,343,10
3491,352,343,10
3499,352,343,10
3508,352,342,11
3516,352,342,11
3525,352,342,11
3533,352,341,12
3541,352,341,12
3549,352,341,13
3563,352,341,14
3579,352,340,14
3592,352,339,15
3607,352,339,16
3623,353,338,17
3640,354,338,18
3656,354,338,19
3673,354,338,20
3690,355,338,21
3706,355,337,22
3719,356,337,22
3732,356,337,23
3749,356,337,24
3766,357,337,25
3779,357,337,25
3792,358,337,26
3808,358,338,27
3825,359,339,27
3838,359,339,28
3851,360,339,29
3867,0,339,30
3880,0,340,30
3893,0,340,31
3910,1,341,32
3926,1,342,33
3939,2,342,34
3952,2,343,35
3969,2,343,36
3982,3,343,36
3995,3,343,36
4012,3,344,37
4028,3,344,37
4042,3,343,37
4054,3,343,37
4071,4,343,38
4088,5,345,39
4101,5,346,39
4114,5,346,40
4130,5,346,40
4147,5,345,41
4159,5,345,41
4173,5,345,42
4189,5,345,43
4202,5,346,43
4215,5,346,44
4232,5,347,45
4249,5,347,45
4265,5,347,45
4278,5,347,46
4292,5,346,46
4308,5,346,46
4324,5,346,46
4337,6,346,47
4350,6,346,47
4367,6,346,47
4380,6,345,47
4393,6,345,47
4409,7,346,46
4422,8,347,44
4436,8,347,43
4452,9,347,41
4468,9,347,40
4481,10,347,39
4494,10,347,39
4507,11,346,38
4520,11,346,38
4537,11,346,37
4554,12,346,37
4570,12,347,36
4583,13,347,35
4597,14,347,35
4613,15,347,34
4629,14,347,33
4642,14,346,33
4655,14,346,32
4672,14,346,32
4685,14,345,31
4698,13,345,31
4714,11,345,31
4727,10,345,31
4740,9,346,31
4757,9,346,30
4770,8,346,29
4783,8,345,27
4799,8,345,25
4816,7,345,24
4829,7,344,23
4842,6,344,23
4858,6,344,22
4871,5,343,21
4884,4,343,19
4901,2,343,18
4914,1,344,16
4926,0,345,15
4943,359,346,14
4956,358,346,14
4969,358,347,13
4985,357,346,12
4999,357,346,11
5011,357,346,11
5028,356,346,10
5041,356,346,10
5056,355,346,9
5072,355,347,8
5088,355,347,6
5105,355,347,4
5121,354,347,3
5138,354,348,1
5151,354,348,1
5164,354,349,0
5180,354,350,359
5197,354,351,357
5210,353,352,356
5223,352,352,355
5236,352,353,354
5249,352,353,353
5266,353,353,352
5282,352,354,351
5299,351,355,349
5312,350,356,348
5325,350,357,347
5341,350,357,346
5358,350,358,344
5371,351,358,343
5384,351,359,342
5400,350,360,340
5414,350,1,339
5427,351,2,337
5443,351,3,334
5460,351,4,332
5473,352,5,330
5485,352,5,328
5502,352,6,326
5515,352,7,325
5528,353,7,323
5545,354,7,322
5561,355,6,320
5574,355,6,319
5587,356,5,319
5604,357,3,318
5617,358,2,318
5630,359,0,318
5646,0,358,318
5663,2,355,318
5676,2,353,319
5689,3,351,319
5705,4,349,320
5718,4,347,321
5731,5,345,322
5748,6,343,324
5764,6,341,326
5777,7,340,328
5790,7,339,330
5803,8,338,331
5816,8,338,334
5833,8,338,337
5849,8,339,340
5862,7,340,342
5875,7,341,344
5892,6,343,347
5905,5,344,349
5918,4,346,351
5934,2,348,352
5947,0,351,353
5960,358,353,354
5977,355,356,353
5993,353,359,353
6006,352,1,351
6019,351,4,349
6036,351,7,346
6049,350,10,343
6062,350,12,341
6078,351,14,338
6091,352,15,336
6104,353,15,334
6121,354,16,331
6137,356,15,329
6150,357,14,327
6163,359,12,325
6180,1,10,323
6192,1,7,323
6205,2,4,322
6222,2,1,323
6235,3,358,323
6248,4,356,324
6264,6,353,326
6277,7,351,328
6290,8,349,330
6307,9,348,333
6323,10,347,336
6337,11,347,339
6349,13,347,342
6366,14,347,347
6379,15,348,350
6392,15,349,353
6408,16,350,357
6421,16,352,359
6434,16,353,1
6451,17,355,3
6464,17,357,4
6477,18,358,3
6493,19,360,2
6506,19,1,1
6518,19,2,359
6531,19,2,356
6544,19,2,353
6561,18,1,348
6574,18,359,344
6587,17,357,341
6603,16,354,338
6616,15,352,336
6629,15,349,335
6646,16,344,334
6659,17,340,334
6671,19,336,334
6688,23,330,334
6701,27,325,335
6714,31,321,335
6730,35,316,336
6743,39,313,337
6756,43,311,340
6773,49,310,344
6791,55,311,350
6808,61,316,359
6826,68,325,11
6843,72,341,29
6859,74,360,49
6876,72,18,68
6892,70,33,81
6909,67,43,89
6925,65,49,93
6942,62,53,93
6955,61,53,91
6968,60,54,88
6981,59,53,84
6993,59,51,79
7010,58,46,69
7023,57,39,58
7036,55,32,47
7052,50,25,34
7065,45,21,26
7079,41,18,17
7095,35,13,8
7112,30,9,1
7128,25,5,356
7141,21,3,353
7154,18,1,351
7171,15,359,349
7188,14,356,348
7205,13,352,347
7218,13,349,347
7231,14,345,348
7247,14,341,349
7264,16,336,350
7281,19,331,352
7294,22,327,352
7307,26,323,353
7324,32,317,355
7340,39,311,355
7357,46,304,353
7370,51,300,352
7384,57,295,352
7400,64,289,350
7417,70,280,344
7433,76,265,332
7447,80,242,312
7461,81,203,274
7478,78,166,239
7496,74,149,224
7513,72,139,213
7527,70,132,207
7545,67,125,199
7562,66,118,191
7580,67,112,183
7597,70,103,172
7615,72,85,150
7632,71,64,125
7646,68,50,107
7664,63,35,88
7681,56,23,72
7699,48,16,59
7716,40,13,50
7734,31,10,42
7748,25,7,37
7765,20,5,31
7783,15,3,27
7800,10,1,24
7817,6,360,21
7835,3,358,19
7852,1,356,16
7866,360,354,14
7884,358,351,14
7902,357,348,13
7919,356,344,13
7936,357,341,13
7954,358,336,14
7968,0,332,15
7986,3,327,16
8004,7,322,18
8021,12,317,18
8039,18,312,17
8053,24,306,16
8070,33,298,13
8088,41,288,7
8105,48,277,359
8123,53,264,350
8140,57,249,339
8158,60,233,326
8171,61,221,317
8188,61,206,305
8204,60,193,294
8217,58,183,286
8231,56,175,279
8247,52,167,274
8264,50,162,270
8281,51,160,268
8298,54,159,266
8314,59,157,263
8327,64,156,259
8341,71,155,255
8357,79,150,245
8374,87,104,194
8391,82,11,97
8407,74,2,83
8420,68,1,77
8434,61,1,72
8451,52,0,65
8467,44,0,58
8484,35,2,52
8501,28,3,47
8514,24,4,43
8527,20,4,39
8544,15,4,35
8562,11,4,31
8579,8,3,28
8596,5,1,26
8614,3,359,25
8632,1,356,24
8645,359,354,25
8663,358,351,26
8679,357,347,27
8696,357,343,30
8712,357,338,33
8725,358,335,35
8738,360,331,38
8755,4,325,41
8768,7,321,43
8780,12,316,45
8797,17,310,47
8810,22,306,49
8823,27,303,50
8839,33,299,51
8852,37,297,53
8865,41,295,54
8882,45,293,56
8894,48,293,59
8907,52,293,62
8924,55,294,66
8938,58,295,70
8951,61,297,73
8967,64,302,79
8984,68,307,87
9000,71,316,97
9013,72,325,108
9026,72,335,118
9044,70,348,131
9062,68,1,143
9078,66,10,151
9095,63,16,156
9111,60,21,159
9128,56,25,161
9144,53,28,162
9158,50,29,161
9171,48,29,160
9187,46,30,157
9204,44,29,153
9221,42,28,148
9234,41,26,144
9247,39,24,139
9264,37,21,132
9281,35,18,125
9297,33,13,117
9314,31,9,112
9331,28,5,107
9344,26,2,105
9357,24,358,102
9374,21,354,100
9391,20,350,99
9408,18,345,98
9424,18,340,98
9441,18,334,98
9454,20,330,99
9467,22,325,100
9484,25,319,102
9501,28,314,104
9517,32,308,106
9530,35,305,108
9543,39,302,111
9560,43,302,117
9576,48,302,123
9589,52,304,128
9602,56,307,134
9619,60,314,143
9635,63,324,155
9649,64,333,165
9662,64,342,175
9679,63,352,186
9695,61,360,194
9712,59,7,202
9725,58,11,206
9738,57,15,209
9755,56,20,214
9771,55,23,218
9788,55,27,221
9801,55,29,223
9814,55,31,225
9831,55,34,228
9848,56,37,231
9864,57,41,234
9877,58,43,235
9890,59,44,236
9908,61,44,234
9925,62,41,229
9942,64,35,220
9958,63,27,208
9975,61,19,197
9992,58,11,186
10008,54,4,177
10021,51,360,172
10034,48,357,169
10051,45,353,165
10068,43,349,163
10084,40,345,162
10098,38,342,162
10111,36,340,163
10128,35,337,165
10145,35,333,167
10161,38,329,170
10178,42,326,173
10195,47,322,175
10208,51,320,178
10221,55,318,181
10238,59,318,186
10254,63,319,192
10271,66,322,200
10284,68,327,208
10297,69,333,217
10314,70,342,229
10330,69,352,240
10343,68,358,248
10356,67,3,254
10373,65,11,263
10390,64,19,272
10407,63,26,280
10424,61,32,286
10440,59,37,291
10453,57,40,295
10466,55,43,298
10484,53,46,301
10502,51,49,304
10519,50,53,307
10537,47,55,308
10551,46,57,309
10568,45,57,307
10586,45,57,305
10603,45,57,303
10621,45,57,301
10638,46,57,298
10656,48,55,295
10670,50,54,291
10687,53,51,287
10705,56,48,282
10722,59,43,275
10740,61,35,266
10757,63,24,255
10775,63,12,243
10788,63,2,234
10806,62,351,223
10824,60,343,217
10841,59,337,214
10858,58,332,212
10876,58,326,211
10890,58,322,210
10908,59,317,211
10925,60,313,212
10943,61,309,214
10959,63,307,217
10976,64,306,222
10992,65,307,228
11009,67,309,236
11025,70,313,244
11043,72,320,255
11061,74,332,270
11077,75,345,287
11094,74,357,302
11111,71,3,311
11127,67,6,316
11144,64,10,322
11161,62,16,329
11178,60,22,335
11194,59,27,340
11207,57,29,343
11220,56,32,345
11237,54,35,349
11254,52,38,351
11271,51,41,353
11288,50,43,354
11304,49,45,354
11317,48,46,354
11331,47,46,353
11347,47,46,351
11365,47,47,349
11382,48,49,348
11400,49,50,346
11417,50,51,344
11434,52,53,342
11452,54,54,341
11466,56,55,340
11483,59,56,337
11501,61,55,334
11518,64,53,329
11536,67,48,322
11554,71,41,313
11568,73,34,304
11585,74,22,292
11602,75,7,277
11620,75,353,263
11638,74,343,254
11655,73,334,248
11669,72,329,246
11686,70,324,245
11704,69,321,246
11722,68,321,250
11739,69,320,254
11757,70,319,259
11771,71,321,265
11788,73,323,273
11806,74,326,282
11823,74,331,292
11839,74,335,300
11856,74,340,309
11872,74,346,319
11889,74,352,329
11906,73,357,339
11919,71,0,345
11932,70,2,348
11948,68,3,351
11965,65,5,354
11978,63,6,356
11992,61,7,358
12010,58,8,359
12027,55,9,360
12045,52,11,1
12062,49,13,0
12076,47,15,360
12094,44,17,358
12111,41,19,356
12129,37,21,353
12146,35,21,349
12161,33,22,346
12178,30,22,340
12196,29,23,335
12213,28,22,329
12231,27,22,324
12248,27,20,319
12266,26,18,314
12280,25,15,310
12298,24,11,305
12315,22,7,301
12333,20,3,297
12350,18,359,294
12364,17,356,292
12381,16,352,292
12399,17,349,293
12417,18,345,294
12434,19,340,295
12452,20,336,296
12465,21,333,297
12483,23,328,298
12500,27,324,300
12518,31,319,300
12535,37,313,300
12553,43,307,299
12570,48,300,296
12584,53,294,294
12600,57,287,292
12617,61,280,290
12630,64,273,287
12643,66,266,284
12656,69,259,281
12669,71,253,278
12685,74,247,276
12702,76,242,275
12719,79,234,271
12732,81,225,265
12745,83,212,255
12762,86,186,232
12778,86,133,181
12795,84,90,139
12808,82,74,125
12821,80,63,114
12838,78,50,101
12854,75,38,87
12868,71,28,75
12881,67,21,66
12897,62,14,55
12914,55,10,46
12931,49,9,38
12944,44,8,32
12957,39,7,26
12974,33,7,19
12990,26,6,11
13007,19,6,3
13024,11,6,354
13037,6,7,348
13051,1,8,342
13068,356,8,335
13084,353,9,329
13101,350,10,323
13117,348,11,318
13134,346,12,312
13151,343,12,308
13168,340,10,305
13184,338,8,304
13198,337,6,303
13211,337,2,302
13228,335,357,303
13244,334,351,305
13261,334,345,306
13278,335,338,308
13291,337,332,310
13304,340,326,312
13320,345,318,313
13337,352,310,313
13350,358,303,312
13363,4,296,309
13380,11,287,305
13396,17,278,301
13413,23,268,295
13426,26,261,292
13440,29,254,290
13456,32,246,287
13473,35,239,286
13490,38,232,285
13503,41,227,285
13516,44,222,283
13532,47,215,281
13549,49,206,277
13562,51,198,272
13575,51,190,267
13592,52,180,261
13608,53,171,256
13625,53,162,251
13642,53,154,246
13655,53,148,242
13668,53,143,238
13685,54,138,234
13701,54,133,229
13714,55,130,226
13727,57,128,222
13744,61,124,215
13761,67,118,202
13774,71,107,186
13787,76,89,162
13804,77,50,116
13821,72,19,78
13837,64,5,58
13854,54,357,44
13871,44,353,35
13884,36,352,30
13897,29,350,25
13914,20,349,21
13930,10,349,19
13947,1,349,18
13960,356,349,19
13974,353,346,21
13990,351,343,25
14007,350,339,29
14025,350,336,33
14042,351,334,37
14060,352,332,42
14077,355,330,46
14095,359,328,49
14109,2,326,51
14126,6,324,54
14144,10,324,57
14162,13,324,60
14179,16,325,64
14197,19,326,67
14211,21,327,70
14228,24,328,73
14246,26,330,76
14263,27,332,79
14280,27,334,82
14296,26,337,86
14313,26,339,89
14329,25,340,91
14346,24,342,93
14362,23,343,94
14379,21,345,95
14392,20,346,96
14405,19,346,97
14422,17,347,98
14438,16,348,98
14451,15,349,98
14464,14,349,98
14481,12,350,98
14498,11,351,98
14511,10,351,98
14524,9,352,97
14540,9,352,97
14557,8,352,97
14570,7,352,97
14583,6,352,96
14600,5,352,96
14616,4,352,95
14633,3,353,95
14646,2,353,94
14659,2,353,94
14676,2,353,94
14693,2,353,94
14709,2,352,95
14722,2,352,95
14736,2,352,95
14752,2,352,95
14769,3,352,95
14782,3,352,95
14795,4,352,96
14812,4,352,96
14829,5,352,96
14847,6,352,96
14864,6,352,96
14882,7,352,96
14899,7,352,97
14913,7,352,97
14931,8,352,97
14948,8,352,97
14966,8,352,98
14980,8,352,98
14994,8,352,98
15008,8,352,98
15026,9,352,99
15042,9,352,99
15061,10,352,100
15074,10,352,101
15090,11,352,101
15104,12,352,102
15118,12,352,103
15135,14,352,105
15153,15,352,106
15170,15,352,108
15188,16,352,110
15202,17,353,111
15219,18,353,113
15237,19,354,115
15254,20,354,118
15272,21,355,121
15286,22,355,124
15303,24,356,127
15321,25,357,130
15338,26,358,133
15356,27,359,137
15373,28,1,140
15391,28,2,144
15405,29,4,146
15422,29,5,150
15440,29,7,153
15457,29,8,157
15475,29,10,160
15492,29,11,163
15510,29,12,166
15523,29,12,168
15541,28,13,171
15558,28,14,173
15576,27,15,176
15593,27,16,178
15611,26,16,180
15625,26,17,181
15643,26,17,183
15660,25,17,184
15678,25,17,185
15695,24,17,186
15713,23,17,187
15726,22,17,187
15744,22,17,187
15762,21,17,188
15779,21,17,189
15796,20,17,190
15814,19,17,190
15828,18,17,191
15845,17,17,191
15863,17,17,192
15881,16,17,192
15898,15,18,192
15915,15,18,193
15933,14,18,193
15947,14,19,193
15965,13,19,194
15982,13,19,194
16000,12,20,195
16017,12,20,195
16035,11,20,196
16048,11,20,196
16066,11,20,196
16083,10,21,197
16099,10,20,197
16115,10,20,197
16132,10,20,198
16145,9,20,198
16158,9,20,198
16171,9,20,199
16184,8,20,199
16200,8,20,200
16213,8,19,200
16226,8,19,201
16243,7,19,201
16259,7,19,202
16272,7,19,203
16285,6,19,203
16301,6,19,204
16314,5,19,204
16327,5,19,205
16340,4,20,205
16353,4,20,205
16369,4,20,205
16382,4,21,206
16395,3,21,206
16412,3,21,207
16425,3,22,207
16438,2,22,208
16454,2,22,208
16467,2,22,209
16480,2,23,209
16497,2,23,209
16509,3,23,210
16522,3,23,210
16539,3,23,210
16555,3,23,211
16568,3,23,211
16581,3,23,211
16594,3,24,211
16607,3,24,211
16624,3,24,211
16640,3,23,211
16653,2,23,210
16666,2,23,210
16683,2,23,210
16695,2,23,210
16708,2,23,209
16725,2,22,209
16738,2,22,208
16751,2,22,207
16764,2,22,207
16777,2,23,206
16793,2,22,205
16806,2,22,204
16819,1,22,203
16835,1,22,201
16848,1,22,200
16861,0,22,199
16878,0,21,198
16890,0,21,197
16903,0,20,196
16920,0,20,194
16933,1,20,193
16946,1,20,191
16962,2,20,189
16975,2,20,187
16988,2,20,186
17004,2,20,184
17017,3,19,182
17030,3,19,181
17043,3,18,179
17056,3,18,178
17072,4,17,176
17085,4,17,175
17098,5,16,173
17115,5,16,171
17128,5,15,169
17140,5,15,167
17157,6,14,165
17170,6,14,163
17183,6,13,162
17199,6,12,160
17212,6,12,159
17225,6,11,157
17242,6,10,156
17255,5,10,155
17268,5,9,154
17284,5,8,152
17297,5,8,151
17311,5,7,150
17328,4,6,149
17344,4,6,147
17361,4,5,146
17378,4,4,144
17395,3,4,143
17412,3,4,141
17429,3,3,140
17446,2,3,138
17463,2,3,137
17480,3,2,135
17498,3,2,134
17515,2,1,132
17531,2,0,130
17548,2,359,128
17564,2,359,126
17581,1,358,124
17598,1,358,122
17611,1,357,120
17624,0,357,119
17640,360,356,117
17657,359,355,116
17674,359,353,114
17687,359,352,113
17700,359,351,112
17717,358,351,110
17734,358,350,108
17750,358,349,107
17767,358,348,105
17780,358,348,103
17793,358,347,101
17810,358,347,98
17827,358,347,96
17843,358,347,93
17860,357,346,91
17873,357,346,89
17886,357,346,87
17903,356,346,84
17920,356,345,81
17936,355,346,77
17950,354,346,75
17963,353,346,73
17979,352,346,69
17996,351,347,66
18013,350,347,63
18026,349,348,60
18039,348,349,58
18056,346,349,55
18072,345,350,52
18089,344,350,48
18106,344,350,45
18119,343,350,43
18132,342,350,41
18149,342,350,38
18165,341,351,35
18182,340,351,33
18195,339,352,31
18208,339,352,28
18225,338,353,26
18242,337,353,24
18258,337,354,22
18271,337,355,20
18285,336,355,18
18301,336,355,17
18318,336,356,15
18335,335,356,13
18348,335,357,12
18361,335,357,11
18377,335,358,10
18394,335,358,10
18411,335,358,9
18424,335,358,9
18437,335,358,9
18454,336,357,9
18470,336,357,9
18487,336,357,9
18500,337,357,8
18513,337,357,8
18530,337,357,7
18547,337,357,7
18563,336,357,7
18580,336,357,6
18593,336,356,6
18606,336,356,6
18623,336,356,6
18640,336,355,7
18656,336,354,7
18670,336,354,7
18683,336,353,7
18699,337,353,7
18716,337,353,8
18733,338,352,8
18746,338,352,8
18759,338,352,8
18776,339,352,8
18792,339,352,8
18809,340,352,8
18822,340,352,8
18835,341,352,9
18852,342,352,9
18868,342,352,10
18885,343,352,10
18898,343,352,11
18911,344,351,12
18928,344,350,13
18945,344,350,14
18961,343,350,16
18974,343,350,17
18988,344,349,17
19004,344,349,18
19021,344,348,18
19038,345,347,19
19051,344,347,19
19065,344,347,18
19081,344,347,18
19098,344,348,17
19115,344,348,16
19132,344,348,15
19149,344,349,14
19166,344,350,13
19183,343,351,12
19200,343,352,12
19217,343,353,11
19234,341,355,11
19252,339,356,12
19270,338,356,13
19283,336,355,14
19297,335,354,16
19310,335,353,17
19327,335,352,18
19344,335,352,19
19361,336,350,21
19378,338,348,23
19395,339,346,25
19411,341,345,27
19428,342,344,28
19446,344,343,29
19464,345,342,31
19480,346,340,33
19497,348,339,35
19514,349,338,36
19530,350,338,38
19547,351,339,39
19563,352,339,39
19580,352,340,40
19597,352,342,40
19610,352,343,41
19623,351,345,40
19639,350,347,40
19656,350,349,40
19673,349,351,40
19686,348,352,39
19699,348,353,39
19716,347,354,38
19732,347,353,38
19749,347,353,39
19762,346,353,38
19775,346,353,38
19792,345,353,37
19809,345,352,36
19825,346,350,35
19838,346,348,35
19852,347,346,34
19868,349,343,33
19885,349,340,32
19902,350,340,30
19918,350,340,27
19932,349,341,25
19945,348,342,24
19961,347,342,24
19978,348,341,24
19995,348,340,24
20008,348,338,24
20021,348,337,25
20038,347,337,25
20054,347,337,24
20071,347,336,23
20084,347,336,22
20097,347,335,22
20114,347,335,22
20131,346,335,22
20148,346,334,22
20165,346,334,22
20182,347,334,21
20199,348,334,21
20216,348,334,21
20232,349,334,21
20249,350,334,21
20266,351,333,21
20283,352,333,21
20300,352,333,21
20317,352,333,22
20334,353,332,22
20351,354,332,23
20368,355,331,24
20385,355,330,25
20402,355,329,27
20419,356,329,28
20436,355,330,29
20452,354,332,30
20469,353,334,30
20486,352,336,30
20504,351,338,32
20520,351,339,34
20537,350,340,36
20550,350,342,37
20563,350,343,37
20580,350,345,36
20596,349,347,36
20613,348,348,35
20626,347,350,35
20639,346,351,35
20656,346,353,33
20673,347,354,32
20689,347,355,31
20702,347,356,31
20716,348,357,31
20732,349,358,30
20749,349,359,28
20765,349,360,26
20779,349,0,26
20792,348,360,26
20809,349,359,25
20825,349,359,24
20842,350,358,23
20858,350,356,23
20871,350,355,23
20885,350,354,23
20901,350,353,23
20918,350,351,22
20931,351,350,21
20944,351,348,20
20961,352,347,19
20977,351,345,18
20990,351,344,18
21003,351,343,17
21020,351,341,15
21037,351,339,13
21055,351,337,12
21072,351,336,10
21089,351,334,9
21106,351,332,7
21122,351,331,5
21139,352,329,3
21156,352,328,1
21173,352,327,359
21189,352,326,356
21206,352,325,354
21223,352,324,352
21240,353,324,350
21253,352,323,348
21266,352,322,347
21283,353,321,345
21300,353,320,343
21316,353,320,342
21333,353,319,341
21346,353,319,340
21359,352,319,339
21376,351,319,337
21392,351,318,335
21405,351,318,334
21418,350,319,333
21435,350,319,331
21452,349,320,329
21468,349,320,328
21481,349,320,327
21494,349,320,326
21511,349,321,325
21528,349,321,324
21541,349,322,322
21554,349,322,321
21571,349,323,320
21587,349,324,318
21600,350,324,317
21614,350,325,317
21631,350,325,316
21649,350,326,316
21667,351,326,315
21684,351,326,315
21698,352,327,315
21716,352,327,315
21733,353,328,315
21751,354,328,315
21768,353,328,316
21785,352,329,316
21803,352,330,317
21817,352,331,317
21835,352,331,317
21853,351,333,317
21870,349,334,318
21887,347,335,318
21901,347,336,319
21919,346,338,319
21935,345,339,320
21952,344,341,320
21969,344,342,320
21985,343,343,320
22002,343,345,320
22015,343,346,320
22028,343,347,319
22045,343,349,320
22062,342,350,320
22075,342,352,319
22088,341,353,319
22104,341,355,319
22121,342,355,318
22134,342,356,318
22147,343,356,317
22164,343,357,317
22181,343,357,317
22197,343,357,317
22210,344,356,317
22223,344,357,316
22240,344,357,316
22257,343,358,315
22273,343,358,314
22286,342,359,314
22299,342,359,313
22315,341,1,312
22328,340,2,311
22341,340,3,310
22358,340,4,309
22371,339,4,309
22384,339,5,309
22401,339,5,308
22417,339,6,308
22430,339,7,307
22443,340,7,307
22460,340,8,306
22476,341,8,306
22489,342,8,306
22502,342,7,306
22518,343,8,306
22531,343,8,306
22544,343,8,306
22557,343,8,305
22570,342,8,305
22587,342,8,304
22600,342,8,304
22612,341,8,304
22629,341,7,303
22642,341,7,303
22655,341,7,302
22672,340,6,302
22689,340,6,302
22705,340,5,302
22718,340,4,302
22732,340,3,303
22748,340,2,303
22765,340,1,303
22782,340,1,304
22795,340,360,304
22808,341,359,304
22825,340,359,305
22842,340,359,305
22858,340,360,305
22875,340,360,306
22892,340,360,306
22909,340,359,307
22922,340,358,308
22935,341,358,308
22952,341,357,309
22968,341,357,310
22985,341,356,310
23002,341,356,311
23019,341,356,311
23035,341,356,311
23049,341,356,312
23064,341,356,312
23081,341,355,313
23097,341,355,313
23114,341,355,314
23131,342,355,315
23147,342,354,316
23164,342,354,316
23180,342,354,317
23197,342,354,317
23213,342,353,318
23226,341,353,319
23239,341,353,319
23256,341,352,320
23273,341,352,321
23287,342,351,321
23300,342,351,322
23317,342,351,323
23333,343,350,324
23350,343,350,324
23367,344,350,324
23383,344,350,325
23400,344,350,325
23413,344,350,325
23426,344,350,325
23443,344,350,325
23459,343,349,325
23472,343,349,325
23485,343,349,326
23501,343,348,326
23514,343,348,326
23528,343,348,326
23544,343,348,327
23561,343,347,327
23578,343,347,327
23596,344,347,327
23613,344,347,328
23630,344,347,328
23647,344,347,328
23664,345,347,328
23682,345,347,328
23699,345,347,329
23716,345,347,329
23733,345,347,329
23750,344,347,330
23764,344,347,330
23778,343,347,330
23791,343,346,331
23808,343,346,331
23825,343,345,332
23843,343,345,333
23860,343,344,333
23877,343,344,334
23894,343,344,334
23911,343,343,335
23928,343,343,335
23942,343,343,336
23956,343,343,337
23969,343,343,337
23986,343,343,338
24003,343,342,339
24021,343,341,340
24038,343,341,341
24055,342,340,342
24072,342,340,343
24085,342,340,344
24099,342,339,344
24112,342,339,345
24130,342,339,345
24147,343,339,345
24164,343,338,346
24181,343,338,346
24198,343,338,347
24216,342,338,347
24233,342,337,347
24250,342,337,347
24267,342,337,347
24284,342,337,347
24298,342,337,347
24311,341,337,347
24325,341,337,347
24342,341,338,346
24359,341,338,346
24376,340,339,345
24393,340,340,344
24411,340,342,342
24428,340,343,341
24441,339,344,340
24455,339,345,339
24469,339,346,338
24486,339,348,336
24503,339,350,334
24520,338,351,333
24537,338,353,331
24554,338,354,330
24571,338,355,329
24588,338,356,328
24605,338,357,326
24622,338,359,325
24639,339,360,323
24656,339,1,322
24674,339,2,321
24690,340,3,319
24707,340,3,318
24724,340,4,318
24741,340,4,317
24758,340,5,316
24775,340,5,315
24792,340,5,314
24808,340,6,313
24825,340,6,312
24842,341,6,312
24859,341,6,311
24876,341,7,311
24892,340,7,311
24909,340,7,311
24926,340,8,311
24943,340,8,311
24960,340,8,311
24977,340,8,311
24994,340,8,312
25010,340,8,312
25027,340,9,312
25044,340,9,312
25062,340,9,313
25079,340,9,313
25096,340,8,313
25112,340,8,314
25129,340,8,314
25146,339,8,314
25163,339,8,313
25179,339,8,313
25196,339,8,313
25213,339,7,313
25230,339,7,312
25247,339,7,312
25263,338,7,312
25277,338,7,312
25291,339,6,312
25308,339,6,312
25324,339,6,312
25341,339,6,312
25358,339,6,311
25375,338,6,310
25391,338,6,310
25408,338,7,309
25425,338,7,308
25442,338,7,308
25458,338,8,307
25475,338,8,306
25492,338,8,306
25505,338,8,305
25518,338,9,305
25535,338,9,304
25551,338,10,303
25565,338,11,302
25578,338,12,301
25595,339,12,300
25612,339,12,300
25628,338,12,300
25645,338,12,299
25662,338,12,298
25679,338,12,297
25695,339,13,296
25712,339,13,295
25725,339,14,294
25739,340,14,293
25755,340,15,292
25772,340,15,290
25789,340,15,289
25806,341,16,288
25823,341,16,288
25839,341,16,287
25853,342,16,286
25866,342,16,286
25883,342,16,285
25899,342,16,284
25917,342,16,284
25933,342,16,283
25950,343,16,283
25967,343,16,282
25984,343,16,282
26001,343,16,282
26018,343,15,282
26035,343,15,282
26051,343,16,282
26068,343,17,281
26085,343,17,280
26098,343,18,280
26111,343,18,280
26127,343,18,281
26140,343,17,281
26153,343,17,281
26170,343,17,281
26186,343,17,281
26199,343,17,281
26212,343,17,280
26229,344,17,280
26242,344,17,280
26255,344,17,281
26271,345,16,281
26288,346,16,281
26301,346,15,282
26314,347,15,282
26331,347,14,282
26348,348,14,282
26364,348,13,283
26378,349,12,283
26391,350,12,283
26407,351,10,284
26424,352,9,285
26441,353,8,285
26454,354,7,286
26468,354,7,286
26484,355,6,287
26501,355,5,288
26518,355,4,289
26534,355,4,290
26551,355,3,291
26563,355,3,292
26575,355,2,292
26583,355,2,293
26591,355,2,293
26600,355,2,294
26608,355,2,294
26616,355,2,295
26625,355,2,295
26633,355,1,296
26641,355,1,297
26650,355,0,298
26658,355,359,298
26666,355,359,299
26675,355,358,300
26683,356,358,301
26691,356,357,302
26700,356,357,303
26708,356,356,303
26717,356,356,304
26725,356,356,305
26734,356,356,305
26742,356,356,306
26751,356,355,307
26759,356,355,307
26767,356,355,308
26776,356,354,309
26784,356,354,310
26792,356,354,310
26801,356,354,311
26809,356,354,312
26817,356,354,313
26826,356,354,313
26834,356,353,314
26843,356,353,315
26854,356,353,316
26863,356,353,317
26871,356,353,317
26879,356,352,318
26888,356,352,319
26896,356,352,320
26904,356,351,321
26913,357,351,321
26921,357,351,322
26929,357,350,323
26938,357,350,324
26946,358,350,324
26954,358,349,325
26963,358,349,326
26971,359,348,327
26979,359,347,328
26988,360,347,329
26996,0,346,329
27005,0,345,330
27013,1,345,331
27021,1,344,332
27030,1,343,333
27038,1,343,334
27047,2,342,334
27056,2,341,335
27064,2,341,336
27073,3,340,337
27081,3,339,338
27089,3,338,339
27097,4,337,339
27105,4,337,340
27116,5,335,341
27125,5,335,342
27133,6,334,343
27141,7,333,344
27149,7,332,345
27158,8,331,346
27166,9,330,346
27174,9,330,348
27182,10,329,349
27191,11,328,350
27199,11,327,351
27207,12,327,353
27215,13,326,354
27227,13,325,356
27235,14,324,357
27243,14,323,358
27251,15,323,359
27259,15,323,0
27268,16,322,1
27276,16,322,2
27284,17,322,3
27292,17,321,4
27300,18,321,5
27309,18,321,6
27317,19,320,7
27328,19,320,9
27336,20,320,10
27345,20,319,11
27353,20,319,13
27361,20,319,14
27369,20,319,16
27377,20,319,17
27386,20,318,19
27394,21,319,21
27402,21,319,22
27410,21,319,24
27422,21,319,27
27430,21,319,28
27438,22,319,30
27446,22,319,32
27454,22,319,33
27462,23,318,35
27470,23,318,36
27479,23,318,38
27487,24,318,39
27495,24,317,40
27506,25,317,43
27514,25,317,44
27522,25,317,46
27531,26,317,47
27539,26,317,49
27547,26,316,50
27555,26,316,52
27563,26,316,54
27571,26,316,55
27580,27,316,57
27588,27,317,58
27599,27,317,61
27607,27,317,62
27616,27,317,64
27624,27,318,65
27633,27,318,67
27641,27,318,68
27649,27,318,70
27657,27,319,71
27666,26,319,73
27674,26,320,74
27682,26,320,76
27690,26,321,77
27699,26,321,79
27707,26,322,80
27715,26,322,82
27723,26,323,83
27735,26,323,85
27743,26,324,86
27751,25,324,88
27760,25,325,89
27768,25,326,90
27776,25,326,91
27784,25,327,92
27793,25,327,93
27801,24,328,94
27809,24,329,95
27817,24,329,96
27826,24,330,97
27834,24,331,98
27842,24,332,99
27850,24,332,100
27862,23,333,101
27870,23,334,102
27878,23,335,102
27886,23,336,103
27895,23,336,103
27903,22,337,104
27911,22,338,105
27920,22,338,105
27928,22,339,106
27936,22,340,106
27945,22,340,107
27953,21,341,107
27961,21,342,108
27969,21,342,108
27980,21,343,108
27989,20,344,109
27997,20,344,109
28005,19,345,110
28013,19,346,110
28022,18,347,110
28030,18,348,111
28038,17,348,111
28046,17,349,111
28055,16,350,111
28063,16,351,111
28071,16,351,111
28079,15,352,111
28091,15,353,111
28099,15,353,112
28107,15,354,112
28115,15,354,112
28123,14,355,113
28132,14,355,113
28140,14,356,113
28148,14,356,113
28156,13,357,113
28165,13,357,113
28173,13,357,113
28181,13,357,113
28189,13,358,113
28198,13,358,114
28209,12,358,114
28218,12,358,114
28226,12,358,114
28234,12,358,114
28242,12,358,114
28250,12,358,114
28259,12,358,114
28267,12,358,114
28276,12,358,114
28284,12,357,114
28292,12,357,113
28300,11,357,113
28309,11,357,113
28317,11,357,113
28325,11,357,112
28333,11,357,112
28342,11,357,111
28353,11,357,110
28362,10,357,109
28370,10,357,109
28378,10,357,108
28386,10,357,108
28394,10,357,107
28403,10,357,106
28411,10,357,106
28419,10,357,105
28427,10,357,105
28435,11,357,104
28444,11,357,104
28452,11,357,104
28463,11,357,104
28472,12,357,104
28480,12,357,104
28488,12,357,104
28496,13,357,104
28505,13,357,105
28513,14,357,105
28521,15,357,105
28529,16,357,106
28538,16,357,107
28546,17,357,107
28557,19,357,109
28570,20,357,110
28586,22,357,112
28603,23,357,115
28620,24,357,117
28637,25,357,119
28653,26,358,121
28670,25,358,125
28686,25,359,129
28703,24,359,133
28720,23,359,136
28736,23,359,139
28749,22,358,141
28762,22,358,143
28779,21,357,146
28795,20,357,148
28808,19,357,150
28822,18,357,151
28838,17,357,151
28855,16,358,151
28871,16,359,152
28884,15,359,152
28897,15,0,151
28914,15,2,151
28927,15,3,150
28940,15,4,149
28957,15,5,148
28973,14,5,147
28986,14,6,146
28999,14,6,145
29015,14,7,145
29029,14,8,145
29042,13,8,145
29060,13,8,146
29077,13,7,146
29094,13,7,146
29110,13,8,146
29127,14,8,147
29144,14,8,148
29160,13,7,149
29177,13,6,149
29193,13,5,150
29206,13,4,151
29219,13,3,151
29235,13,3,151
29249,13,2,151
29262,13,1,150
29278,13,0,149
29291,13,359,148
29304,13,359,147
29321,12,359,146
29338,11,359,144
29354,11,359,142
29368,10,358,141
29380,10,358,141
29397,10,357,139
29414,9,357,138
29427,8,356,136
29440,7,356,135
29456,6,357,133
29473,5,357,132
29490,4,357,130
29507,3,357,129
29520,3,358,128
29533,3,358,127
29550,3,358,126
29567,3,358,126
29583,3,357,126
29600,3,355,126
29617,3,354,125
29630,3,353,125
29644,3,353,124
29661,3,352,123
29677,2,351,122
29694,2,350,121
29711,1,349,120
29728,360,349,119
29744,360,349,118
29761,360,349,118
29778,359,348,118
29795,359,348,118
29808,359,348,118
29821,359,348,117
29839,359,348,117
29856,359,349,116
29872,359,350,115
29889,359,351,114
29906,360,352,113
29923,1,354,111
29940,1,355,109
29956,2,357,107
29973,1,359,105
29990,2,360,105
30007,3,359,106
30019,5,358,106
30032,6,356,106
30049,8,354,107
30062,8,353,107
30075,8,352,106
30091,8,351,106
30104,8,351,105
30118,8,350,104
30134,9,348,103
30151,8,347,101
30168,8,347,100
30184,8,348,98
30198,8,349,96
30211,8,350,94
30228,8,350,93
30245,8,351,93
30262,9,351,92
30279,9,352,91
30296,10,352,90
30313,12,351,89
30330,12,352,89
30346,11,352,89
30363,10,353,89
30380,9,354,89
30397,9,354,89
30414,8,353,90
30430,7,352,91
30447,6,352,92
30460,5,351,93
30473,4,350,94
30490,3,349,95
30506,3,348,96
30523,2,347,98
30536,2,347,99
30550,2,346,100
30566,2,346,102
30583,2,345,104
30600,3,345,105
30613,4,345,106
30626,5,345,106
30642,7,345,107
30659,8,345,109
30676,8,346,111
30689,9,346,112
30702,9,346,112
30718,10,346,113
30735,10,346,113
30749,11,346,114
30762,12,346,115
30779,12,346,116
30796,13,346,117
30813,14,346,117
30829,14,346,118
30846,15,346,119
30863,15,347,120
30879,15,347,121
30896,16,348,122
30909,16,348,123
30922,16,348,124
30939,16,349,126
30956,16,350,127
30972,16,351,128
30985,15,352,129
30999,15,353,130
31015,15,354,132
31032,15,355,134
31049,14,356,136
31068,14,357,138
31085,14,357,140
31101,14,358,141
31118,14,358,142
31134,14,359,143
31151,14,360,144
31168,14,1,145
31184,14,1,146
31201,14,2,147
31218,14,2,148
31231,14,2,149
31244,14,3,150
31260,15,3,151
31273,15,3,152
31286,15,3,153
31302,15,3,155
31316,15,3,156
31329,16,3,157
31346,16,3,158
31362,16,4,159
31379,16,5,161
31392,15,6,161
31405,15,7,161
31421,15,9,161
31434,15,10,162
31447,15,12,162
31464,16,13,164
31481,16,14,165
31497,15,15,166
31510,15,16,166
31523,15,17,167
31540,14,17,168
31557,13,17,170
31570,13,17,171
31583,12,16,173
31599,12,16,174
31616,11,15,175
31629,12,14,176
31642,12,14,177
31659,12,13,178
31675,12,13,179
31689,12,12,180
31702,12,12,181
31718,12,12,181
31735,12,12,182
31751,12,12,182
31765,12,11,183
31778,12,11,183
31794,11,11,183
31811,11,11,184
31828,11,11,184
31841,10,10,184
31854,10,11,184
31870,10,11,184
31887,10,11,184
31900,9,11,183
31913,9,11,183
31929,9,12,183
31942,9,13,182
31955,9,14,182
31972,9,15,181
31985,9,16,181
31998,9,17,180
32014,9,18,179
32031,9,19,178
32044,9,20,178
32057,10,20,178
32074,10,19,177
32090,10,19,177
32103,10,18,177
32117,10,17,177
32134,11,16,177
32150,12,14,177
32167,12,12,177
32184,12,11,178
32201,13,9,178
32217,13,8,179
32230,14,7,179
32243,14,6,180
32260,15,4,181
32276,16,4,182
32290,16,3,183
32302,17,2,185
32319,18,1,186
32336,19,1,187
32349,20,0,188
32362,20,0,190
32379,21,360,191
32395,21,360,193
32408,22,360,194
32421,22,360,195
32438,22,359,196
32454,23,359,196
32467,23,358,197
32480,23,358,197
32497,24,357,198
32509,24,357,198
32522,24,356,198
32539,24,356,198
32552,26,355,199
32565,27,354,199
32578,29,352,200
32591,30,351,201
32607,31,349,203
32624,32,347,205
32637,34,346,207
32650,35,344,209
32667,38,343,213
32683,41,343,219
32696,43,345,225
32709,45,346,230
32726,47,349,237
32742,48,355,245
32755,48,0,253
32768,47,6,261
32785,45,14,270
32798,43,20,276
32811,40,24,279
32828,35,29,282
32844,31,34,283
32857,28,37,283
32870,26,40,282
32887,23,43,279
32904,20,46,275
32920,19,49,271
32933,19,50,269
32946,20,51,266
32963,22,52,263
32976,23,52,260
32989,25,52,258
33005,27,52,256
33022,30,51,255
33035,33,49,254
33049,36,46,252
33067,40,41,249
33084,43,34,245
33101,45,29,242
33117,47,24,241
33134,48,19,241
33150,48,16,241
33167,48,14,243
33183,49,14,247
33200,49,15,252
33213,48,17,256
33226,47,19,260
33242,45,22,265
33255,44,24,268
33268,42,26,272
33285,39,29,276
33298,37,31,278
33311,34,32,280
33327,31,34,281
33344,27,36,282
33357,25,37,282
33370,22,38,281
33386,19,39,279
33399,17,39,277
33412,15,40,275
33429,14,41,271
33445,14,41,267
33458,14,41,264
33471,14,40,261
33488,14,40,257
33501,15,39,254
33514,16,38,251
33530,16,35,247
33543,17,34,244
33556,18,31,242
33573,18,29,239
33589,19,27,237
33602,18,25,236
33615,18,23,236
33632,18,21,236
33645,18,19,237
33658,18,17,238
33674,18,15,239
33691,17,14,241
33704,17,13,243
33717,17,13,245
33733,17,12,248
33746,16,12,250
33759,16,12,252
33776,16,12,256
33789,15,12,259
33802,15,12,262
33818,14,12,265
33831,13,13,267
33844,12,13,268
33861,11,14,271
33874,10,15,273
33886,9,15,275
33903,8,16,278
33920,7,17,280
33933,6,17,280
33946,6,18,281
33962,5,18,282
33975,4,18,283
33988,4,19,283
34005,4,19,283
34021,4,19,282
34034,4,20,282
34048,5,20,282
34064,6,21,281
34081,8,21,280
34093,10,22,280
34106,11,22,280
34123,12,22,279
34136,13,21,278
34149,14,21,278
34165,15,19,278
34178,16,18,278
34192,17,17,278
34208,18,15,278
34225,18,13,278
34238,18,11,279
34251,18,9,280
34267,17,6,282
34284,17,4,284
34297,17,2,285
34310,17,360,287
34326,17,358,289
34339,16,356,291
34352,16,355,294
34369,16,353,297
34382,16,352,300
34395,16,351,303
34411,17,351,308
34424,16,350,311
34437,15,350,314
34454,14,351,318
34470,13,351,321
34483,13,352,324
34496,12,352,327
34513,11,353,330
34530,9,354,333
34543,8,355,334
34555,7,356,335
34572,6,358,336
34585,4,360,336
34598,3,1,336
34615,3,3,336
34631,2,5,335
34644,3,6,334
34657,3,8,333
34674,3,9,332
34690,5,10,331
34704,6,10,330
34716,7,10,330
34733,9,10,329
34746,10,9,329
34759,11,7,330
34775,12,5,331
34792,14,2,332
34805,15,360,332
34818,16,357,332
34835,18,354,332
34847,19,351,332
34860,20,348,332
34877,20,345,333
34894,21,342,334
34907,22,339,335
34920,23,337,336
34937,24,334,337
34953,25,332,338
34966,26,330,340
34979,27,329,341
34996,27,327,344
35009,28,327,346
35022,29,326,348
35038,30,326,352
35056,31,327,357
35073,33,328,2
35090,34,330,7
35106,35,332,12
35123,34,334,17
35139,33,337,22
35152,32,339,25
35165,31,341,29
35182,30,344,32
35195,29,345,34
35208,27,347,36
35225,25,350,38
35241,24,352,39
35254,23,354,40
35267,23,355,41
35284,23,357,42
35300,23,359,42
35314,23,360,42
35328,24,0,41
35344,25,1,40
35361,26,1,39
35378,27,360,38
35394,28,359,36
35412,28,356,34
35429,29,354,31
35447,29,351,29
35464,30,348,26
35480,30,345,24
35496,30,342,23
35513,29,340,23
35530,28,338,24
35546,28,336,25
35563,28,334,27
35576,28,333,29
35589,28,332,31
35606,28,332,33
35622,28,332,37
35636,28,333,40
35649,28,333,42
35665,27,335,46
35682,26,337,49
35698,25,340,51
35712,24,342,53
35725,23,344,54
35741,22,347,55
35758,19,350,56
35771,18,352,55
35784,16,354,54
35801,15,356,53
35817,15,358,51
35830,15,360,49
35843,14,1,48
35860,14,1,46
35877,14,1,44
35893,14,1,41
35906,14,359,39
35920,14,358,37
35936,14,356,34
35953,13,354,31
35969,12,351,29
35983,11,349,27
35996,11,347,25
36012,10,345,24
36029,9,343,22
36042,9,341,21
36055,9,339,20
36072,9,337,19
36089,9,335,19
36105,10,333,20
36122,11,331,21
36135,12,330,21
36149,14,329,22
36166,16,328,24
36183,18,328,26
36200,21,328,28
36217,23,329,30
36234,26,331,33
36251,28,333,36
36268,29,336,39
36285,30,339,42
36302,30,342,45
36319,30,345,47
36336,29,348,48
36353,28,351,48
36371,27,353,47
36387,26,355,45
36405,26,357,43
36421,25,359,41
36439,25,0,38
36455,25,1,35
36472,25,1,32
36489,25,0,29
36506,25,359,26
36520,25,358,23
36533,25,356,21
36547,25,354,18
36564,24,352,15
36581,24,349,12
36598,25,346,10
36615,25,343,9
36632,25,340,8
36649,24,337,8
36666,23,334,9
36683,22,333,11
36700,21,331,13
36717,21,331,16
36734,21,330,20
36751,21,331,24
36768,21,332,28
36785,20,333,32
36802,19,336,36
36818,19,338,39
36835,18,341,42
36852,18,344,44
36869,16,347,45
36886,14,349,46
36903,10,351,46
36920,7,354,45
36936,3,356,44
36953,1,358,43
36970,359,359,41
36987,358,1,38
37004,358,2,34
37021,357,3,31
37038,357,4,28
37056,356,4,24
37073,356,3,19
37091,356,2,14
37108,355,1,10
37124,355,360,6
37141,355,358,2
37158,355,357,358
37176,356,355,355
37192,357,354,352
37206,357,352,351
37219,357,351,349
37233,357,350,348
37250,357,349,348
37267,358,348,349
37284,358,347,350
37301,359,347,351
37318,0,347,353
37335,1,347,355
37352,2,348,357
37369,3,349,359
37385,3,351,1
37402,3,352,2
37418,2,354,2
37435,1,356,3
37452,359,358,3
37465,357,360,2
37478,355,1,1
37495,353,4,358
37511,350,6,355
37528,348,8,352
37541,346,10,349
37555,345,13,346
37571,344,15,341
37588,343,18,336
37605,343,21,330
37621,344,23,325
37634,344,24,322
37648,345,25,319
37664,346,25,315
37681,346,25,311
37697,347,25,307
37711,348,25,304
37724,349,24,302
37740,350,22,300
37758,352,19,299
37775,353,17,297
37791,353,15,296
37808,354,13,297
37825,354,11,297
37838,355,10,299
37851,355,9,301
37868,357,7,305
37884,358,6,309
37901,0,6,312
37918,1,6,315
37931,2,7,317
37944,2,7,318
37961,3,9,320
37978,3,10,321
37994,2,12,322
38011,1,14,321
38028,359,16,321
38041,357,18,320
38055,355,20,319
38072,352,22,317
38090,349,25,312
38108,347,29,307
38122,345,31,303
38139,344,34,297
38155,344,37,292
38172,344,39,287
38185,345,40,283
38198,346,40,279
38215,348,41,274
38231,351,41,270
38248,353,40,265
38261,355,39,262
38274,357,38,259
38287,359,36,256
38300,360,34,253
38317,2,31,251
38333,4,28,248
38350,6,25,246
38367,7,22,244
38384,9,19,243
38401,9,17,243
38417,10,15,243
38431,11,13,243
38444,11,12,245
38460,12,11,247
38477,13,11,251
38490,13,11,253
38503,14,11,256
38520,14,11,260
38537,14,12,263
38554,14,14,267
38571,14,15,270
38588,13,17,272
38605,12,18,274
38622,10,20,274
38639,9,21,273
38655,7,23,273
38672,6,24,272
38689,5,25,270
38705,4,26,268
38719,3,27,267
38732,2,28,265
38749,1,30,261
38766,0,31,257
38782,360,32,253
38799,359,32,249
38812,359,33,246
38825,358,33,244
38842,358,33,241
38859,359,32,238
38875,360,31,235
38892,0,30,232
38909,1,29,230
38926,1,28,227
38939,1,28,225
38952,1,27,223
38969,0,27,220
38986,360,26,218
39003,359,25,217
39019,359,25,216
39036,359,24,215
39054,360,23,214
39070,0,22,213
39087,0,21,212
39104,0,19,212
39121,0,19,211
39138,0,18,211
39151,0,17,211
39164,1,17,211
39181,1,16,212
39198,2,15,212
39215,3,15,212
39232,4,14,212
39248,4,14,212
39265,5,13,212
39282,5,13,213
39299,6,13,213
39315,7,12,214
39329,7,12,215
39342,8,12,215
39359,8,13,215
39376,8,13,214
39392,9,14,215
39409,9,14,216
39426,10,13,217
39443,10,13,218
39460,10,13,219
39476,11,13,219
39493,11,13,220
39506,11,13,220
39520,12,13,221
39537,13,13,222
39553,13,12,223
39570,13,12,225
39587,13,12,226
39604,12,12,228
39621,12,13,230
39638,12,13,232
39654,11,13,235
39671,11,13,237
39685,11,13,240
39698,11,13,242
39715,10,13,245
39731,10,13,248
39748,9,13,251
39765,8,13,253
39782,7,13,256
39798,6,13,258
39815,5,14,260
39832,4,14,262
39845,3,14,263
39858,3,15,265
39875,2,15,266
39892,1,15,268
39908,360,15,270
39925,358,15,271
39938,357,15,272
39951,356,15,273
39968,355,15,275
39985,354,15,276
40002,353,14,278
40015,352,14,279
40028,351,14,280
40045,351,13,281
40062,350,13,282
40078,349,13,283
40095,349,12,284
40112,348,12,285
40129,348,12,286
40146,347,12,287
40162,347,12,287
40175,346,12,288
40188,346,12,288
40205,345,12,289
40222,345,12,289
40239,344,13,289
40252,343,13,289
40265,343,14,289
40282,342,14,290
40299,341,14,290
40316,341,14,291
40333,340,14,291
40350,339,15,291
40366,339,15,291
40383,339,16,291
40400,338,17,290
40417,338,17,290
40434,338,17,290
40451,338,17,290
40468,338,18,290
40484,337,18,289
40498,337,18,289
40511,337,18,289
40528,337,18,289
40544,337,18,289
40561,337,18,289
40578,337,18,288
40595,337,18,288
40611,337,18,288
40624,337,18,288
40638,337,18,288
40655,337,17,289
40671,337,17,289
40688,337,17,289
40705,337,17,290
40722,337,17,290
40735,337,17,291
40748,337,17,291
40765,337,17,291
40782,337,17,291
40799,338,17,291
40815,338,17,292
40832,337,17,292
40849,337,17,292
40866,337,17,293
40882,337,17,293
40896,337,17,293
40909,337,16,293
40926,337,15,294
40943,336,14,295
40960,336,14,296
40976,335,13,296
40993,335,12,298
41010,335,11,299
41027,335,9,300
41043,335,9,301
41058,334,8,301
41072,334,7,302
41089,334,6,303
41106,334,5,304
41123,334,4,304
41139,334,4,305
41156,333,4,305
41172,333,3,305
41189,333,3,305
41206,332,3,304
41223,331,3,304
41239,330,3,304
41256,329,3,304
41273,328,3,303
41290,327,3,303
41306,326,3,302
41323,325,4,301
41340,324,4,300
41353,323,5,299
41366,322,5,299
41383,321,5,298
41400,321,5,297
41417,320,5,297
41433,319,5,296
41450,318,4,295
41467,317,4,295
41484,316,4,294
41497,316,4,293
41510,315,4,292
41527,314,4,292
41544,314,4,291
41560,314,3,291
41577,314,2,291
41594,313,1,291
41607,313,1,290
41620,313,1,290
41637,313,0,289
41654,314,359,289
41671,314,359,288
41687,314,358,288
41700,315,357,287
41713,315,356,287
41730,314,356,286
41747,314,356,286
41764,314,355,286
41781,315,354,286
41798,315,353,286
41814,315,352,286
41831,315,352,287
41844,315,351,287
41857,315,351,288
41874,315,350,288
41891,316,350,288
41907,316,350,288
41921,317,350,287
41934,317,350,287
41951,318,350,286
41967,318,351,286
41984,319,352,284
42001,319,353,283
42018,320,354,282
42034,322,355,281
42047,322,356,280
42060,323,357,279
42077,324,359,277
42095,324,1,275
42111,325,2,274
42128,325,3,273
42145,326,4,271
42162,327,4,270
42179,328,5,269
42195,329,6,267
42209,330,7,266
42222,330,8,265
42238,331,9,264
42255,332,10,263
42272,333,11,262
42288,334,13,260
42302,334,15,259
42315,335,15,257
42332,336,16,255
42348,337,17,253
42365,338,18,251
42382,339,20,249
42395,339,21,247
42408,339,22,246
42425,340,24,245
42442,341,24,243
42458,342,24,242
42475,342,23,242
42492,342,22,242
42505,343,21,242
42518,343,20,242
42535,343,19,242
42552,343,18,242
42568,343,17,242
42585,343,16,241
42598,344,15,241
42611,344,14,241
42628,344,14,240
42645,343,14,240
42661,343,14,240
42678,343,13,240
42691,343,12,239
42704,343,11,239
42721,343,11,239
42738,343,10,238
42754,343,10,238
42768,342,10,238
42781,342,9,238
42798,342,9,237
42814,341,9,237
42831,341,9,237
42848,340,9,237
42864,340,9,238
42877,339,9,238
42891,339,9,239
42908,339,10,239
42924,338,11,239
42941,337,11,239
42958,336,12,240
42975,335,13,239
42992,334,14,239
43005,334,14,239
43018,334,14,238
43034,333,14,237
43052,333,15,237
43070,332,15,236
43086,331,15,236
43104,330,16,235
43120,329,16,234
43137,328,16,234
43154,327,16,234
43170,326,16,234
43187,324,16,234
43204,323,16,235
43221,321,16,235
43238,320,16,235
43255,319,16,235
43271,317,15,236
43288,316,14,236
43305,316,14,237
43318,315,13,237
43332,314,13,238
43349,314,12,240
43365,313,10,241
43382,313,9,243
43400,313,8,245
43417,313,6,247
43433,313,5,249
43450,313,3,251
43466,313,1,253
43483,313,360,255
43495,314,358,257
43508,314,357,258
43521,315,356,258
43534,317,355,259
43550,318,355,259
43564,319,354,259
43577,320,354,259
43593,321,355,258
43610,322,356,257
43623,323,357,256
43636,324,358,255
43652,325,358,254
43665,326,359,253
43678,327,360,252
43695,327,1,251
43708,327,2,250
43720,327,3,249
43737,328,3,248
43750,329,3,248
43763,329,3,247
43779,331,2,246
43792,332,2,245
43805,333,1,245
43822,334,1,245
43838,335,0,246
43851,336,0,247
43864,336,0,248
43881,336,1,249
43897,337,1,250
43910,337,1,251
43923,337,2,253
43940,338,2,254
43953,338,3,256
43966,338,4,257
43982,338,5,259
43996,338,6,260
44009,337,6,261
44025,337,7,262
44042,337,8,263
44054,337,8,265
44067,337,8,266
44084,337,8,268
44097,336,8,270
44111,336,8,271
44127,336,7,273
44144,335,7,276
44160,334,6,279
44177,333,5,282
44190,333,5,284
44203,333,4,285
44220,332,3,287
44233,332,2,289
44246,332,1,291
44263,331,1,293
44279,332,1,294
44292,332,0,295
44305,333,360,297
44322,333,358,300
44338,333,357,304
44352,333,355,306
44365,333,355,308
44381,334,354,310
44398,335,353,312
44414,335,352,314
44427,336,352,316
44440,336,351,318
44457,335,350,320
44470,335,350,322
44483,335,350,323
44500,335,350,324
44516,336,351,325
44529,337,351,326
44542,338,351,327
44559,339,351,328
44575,340,351,330
44588,340,352,331
44601,340,352,332
44618,341,351,334
44634,342,351,336
44648,342,350,337
44661,343,350,338
44677,343,350,340
44690,343,350,340
44703,343,350,341
44719,343,350,341
44733,343,351,342
44745,343,351,342
44762,344,351,343
44779,345,350,344
44792,346,350,345
44805,347,350,346
44821,347,350,348
44838,346,351,350
44851,347,352,351
44864,347,352,353
44881,349,352,355
44897,350,351,356
44910,351,351,358
44923,352,351,360
44940,353,350,2
44957,353,350,4
44970,353,350,5
44982,353,350,5
44999,353,352,6
45016,353,352,6
45029,353,352,7
45042,353,351,9
45060,353,350,12
45077,353,349,13
45094,353,350,14
45111,352,350,14
45127,352,351,15
45144,353,350,16
45160,353,349,17
45177,353,349,17
45194,353,349,17
45207,353,349,16
45221,353,350,16
45237,353,350,16
45254,353,351,16
45271,354,351,16
45288,354,351,17
45304,354,351,17
45321,354,351,18
45338,354,351,18
45355,353,352,18
45372,353,352,18
45385,353,352,17
45398,353,352,17
45415,353,352,17
45432,353,352,17
45448,353,352,18
45465,354,352,18
45482,355,352,18
45499,355,351,18
45516,355,351,18
45529,355,351,17
45542,355,351,17
45559,356,351,17
45576,357,350,17
45592,358,349,17
45609,0,348,17
45626,1,348,17
45643,2,347,17
45660,1,347,17
45673,1,348,18
45686,1,348,18
45703,1,348,18
45720,1,348,18
45737,1,348,18
45753,1,348,19
45770,0,348,19
45787,360,347,19
45804,360,346,20
45821,0,346,21
45837,1,347,22
45851,1,346,22
45864,2,346,23
45881,3,346,23
45897,3,346,23
45914,4,345,24
45931,4,345,25
45948,4,345,25
45965,4,345,26
45981,3,346,27
45995,3,346,28
46008,3,346,28
46025,2,346,29
46041,1,346,29
46058,360,346,30
46075,359,346,31
46092,359,346,31
46108,359,347,32
46121,358,347,32
46135,358,348,32
46152,357,349,32
46168,356,349,32
46185,355,350,32
46202,355,351,33
46218,354,352,33
46232,353,353,33
46245,353,353,33
46262,352,354,34
46279,352,354,34
46295,352,354,34
46312,352,354,34
46329,352,353,35
46346,352,352,35
46363,351,350,35
46380,353,349,35
46397,353,349,35
46414,354,350,35
46430,355,352,34
46443,355,353,34
46457,356,354,34
46474,356,356,34
46491,356,359,34
46508,357,1,34
46525,357,2,33
46542,357,3,34
46559,357,2,34
46575,356,1,35
46592,356,360,36
46609,355,359,36
46626,355,358,37
46642,353,357,38
46659,354,357,38
46676,354,357,38
46693,354,357,38
46710,354,358,38
46723,354,359,38
46736,354,0,37
